74.22586822509766,0,0,0,256,1000.0,100.0,3.5523979663848877,saved_model/best_steps_37300.pt,True,2020-05-04_02-00-43
74.22586822509766,0,0,0,256,100.0,100.0,3.5523979663848877,saved_model/best_steps_37300.pt,True,2020-05-04_02-17-15
74.22586822509766,0,0,0,256,10.0,100.0,3.5523979663848877,saved_model/best_steps_37300.pt,True,2020-05-04_02-33-39
74.22586822509766,0,0,0,256,5.0,100.0,3.5523979663848877,saved_model/best_steps_37300.pt,True,2020-05-04_02-50-04
74.22586822509766,0,0,0,256,1.0,100.0,3.5523979663848877,saved_model/best_steps_37300.pt,True,2020-05-04_03-06-26
74.22586822509766,0,0,0,256,0.1,100.0,3.5523979663848877,saved_model/best_steps_37300.pt,True,2020-05-04_03-22-50
74.22586822509766,0,0,0,256,0.5,-1,-1,saved_model/best_steps_37300.pt,True,2020-05-04_03-27-27
74.22586822509766,0,0,0,100,10.0,100.0,3.5523979663848877,saved_model/best_steps_37300.pt,True,2020-05-04_03-35-33
74.22586822509766,0,0,0,100,5.0,100.0,3.5523979663848877,saved_model/best_steps_37300.pt,True,2020-05-04_03-42-04
74.22586822509766,0,0,0,100,1.0,100.0,3.5523979663848877,saved_model/best_steps_37300.pt,True,2020-05-04_03-48-40
74.22586822509766,0,0,0,100,0.1,100.0,3.5523979663848877,saved_model/best_steps_37300.pt,True,2020-05-04_03-55-16
74.22586822509766,0,0,0,100,0.5,100.0,3.5523979663848877,saved_model/best_steps_37300.pt,True,2020-05-04_04-01-49
74.22586822509766,0,0,0,100,0.01,100.0,3.5523979663848877,saved_model/best_steps_37300.pt,True,2020-05-04_04-08-22
74.22586822509766,0,0,0,100,0.05,100.0,3.5523979663848877,saved_model/best_steps_37300.pt,True,2020-05-04_04-14-55
74.22586822509766,0,0,0,100,0.001,100.0,3.5523979663848877,saved_model/best_steps_37300.pt,True,2020-05-04_04-21-30
74.22586822509766,0,0,0,100,0.005,100.0,3.5523979663848877,saved_model/best_steps_37300.pt,True,2020-05-04_04-28-02
74.22586822509766,0,0,0,100,0.0001,100.0,3.5523979663848877,saved_model/best_steps_37300.pt,True,2020-05-04_04-34-37
74.22586822509766,0,1,0,100,10.0,51.366119384765625,100.0,saved_model/best_steps_37300.pt,True,2020-05-04_04-41-09
74.22586822509766,0,1,0,100,5.0,51.366119384765625,100.0,saved_model/best_steps_37300.pt,True,2020-05-04_04-47-44
74.22586822509766,0,1,0,100,1.0,51.366119384765625,100.0,saved_model/best_steps_37300.pt,True,2020-05-04_04-54-22
74.22586822509766,0,1,0,100,0.1,51.366119384765625,100.0,saved_model/best_steps_37300.pt,True,2020-05-04_05-00-54
74.22586822509766,0,1,0,100,0.5,51.366119384765625,100.0,saved_model/best_steps_37300.pt,True,2020-05-04_05-07-30
74.22586822509766,0,1,0,100,0.01,51.45719528198242,100.0,saved_model/best_steps_37300.pt,True,2020-05-04_05-14-06
74.22586822509766,0,1,0,100,0.05,51.366119384765625,100.0,saved_model/best_steps_37300.pt,True,2020-05-04_05-20-39
74.22586822509766,0,1,0,100,0.001,79.69034576416016,9.058614730834961,saved_model/best_steps_37300.pt,True,2020-05-04_05-27-14
74.22586822509766,0,1,0,100,0.005,52.64116668701172,94.49378204345703,saved_model/best_steps_37300.pt,True,2020-05-04_05-33-46
74.22586822509766,0,1,0,100,0.0001,97.54098510742188,4.085257530212402,saved_model/best_steps_37300.pt,True,2020-05-04_05-40-24
74.22586822509766,0,5,0,100,10.0,51.366119384765625,100.0,saved_model/best_steps_37300.pt,True,2020-05-04_05-46-56
74.22586822509766,0,5,0,100,5.0,51.366119384765625,100.0,saved_model/best_steps_37300.pt,True,2020-05-04_05-53-32
74.22586822509766,0,5,0,100,1.0,51.366119384765625,100.0,saved_model/best_steps_37300.pt,True,2020-05-04_06-00-05
74.22586822509766,0,5,0,100,0.1,51.366119384765625,100.0,saved_model/best_steps_37300.pt,True,2020-05-04_06-06-39
74.22586822509766,0,5,0,100,0.5,51.366119384765625,100.0,saved_model/best_steps_37300.pt,True,2020-05-04_06-13-16
74.22586822509766,0,5,0,100,0.01,51.45719528198242,100.0,saved_model/best_steps_37300.pt,True,2020-05-04_06-19-47
74.22586822509766,0,5,0,100,0.05,51.366119384765625,100.0,saved_model/best_steps_37300.pt,True,2020-05-04_06-26-22
74.22586822509766,0,5,0,100,0.001,79.78141784667969,9.058614730834961,saved_model/best_steps_37300.pt,True,2020-05-04_06-32-52
74.22586822509766,0,5,0,100,0.005,52.64116668701172,94.316162109375,saved_model/best_steps_37300.pt,True,2020-05-04_06-39-24
74.22586822509766,0,5,0,100,0.0001,97.6320571899414,4.085257530212402,saved_model/best_steps_37300.pt,True,2020-05-04_06-46-00
74.22586822509766,0,10,0,100,10.0,-1,-1,saved_model/best_steps_37300.pt,True,2020-05-04_06-50-19
74.22586822509766,100,1,0,100,10.0,94.62659454345703,98.93428039550781,saved_model/best_steps_37300.pt,True,2020-05-04_06-56-59
74.22586822509766,100,1,0,100,5.0,94.44444274902344,99.4671401977539,saved_model/best_steps_37300.pt,True,2020-05-04_07-03-30
74.22586822509766,100,1,0,100,1.0,95.53733825683594,4.262877464294434,saved_model/best_steps_37300.pt,True,2020-05-04_07-10-02
74.22586822509766,100,1,0,100,0.1,91.0746841430664,6.039076328277588,saved_model/best_steps_37300.pt,True,2020-05-04_07-16-34
74.22586822509766,100,1,0,100,0.5,95.17304229736328,4.795737266540527,saved_model/best_steps_37300.pt,True,2020-05-04_07-23-08
74.22586822509766,100,1,0,100,0.01,96.26593780517578,4.262877464294434,saved_model/best_steps_37300.pt,True,2020-05-04_07-29-39
74.22586822509766,100,1,0,100,0.05,93.53369903564453,3.90763783454895,saved_model/best_steps_37300.pt,True,2020-05-04_07-36-17
74.22586822509766,100,1,0,100,0.001,99.0892562866211,3.5523979663848877,saved_model/best_steps_37300.pt,True,2020-05-04_07-42-49
74.22586822509766,100,1,0,100,0.005,97.814208984375,3.5523979663848877,saved_model/best_steps_37300.pt,True,2020-05-04_07-49-24
74.22586822509766,100,1,0,100,0.0001,99.18032836914062,3.730017900466919,saved_model/best_steps_37300.pt,True,2020-05-04_07-55-58
74.22586822509766,50,1,0,100,10.0,93.62477111816406,99.28952026367188,saved_model/best_steps_37300.pt,True,2020-05-04_08-02-37
74.22586822509766,50,1,0,100,5.0,94.17121887207031,99.28952026367188,saved_model/best_steps_37300.pt,True,2020-05-04_08-09-10
74.22586822509766,50,1,0,100,1.0,93.89799499511719,99.28952026367188,saved_model/best_steps_37300.pt,True,2020-05-04_08-15-45
74.22586822509766,50,1,0,100,0.1,91.80327606201172,97.6909408569336,saved_model/best_steps_37300.pt,True,2020-05-04_08-22-22
74.22586822509766,50,1,0,100,0.5,93.16939544677734,98.40142059326172,saved_model/best_steps_37300.pt,True,2020-05-04_08-28-52
74.22586822509766,50,1,0,100,0.01,94.99089050292969,4.795737266540527,saved_model/best_steps_37300.pt,True,2020-05-04_08-35-27
74.22586822509766,50,1,0,100,0.05,92.07649993896484,2.841918468475342,saved_model/best_steps_37300.pt,True,2020-05-04_08-42-05
74.22586822509766,50,1,0,100,0.001,97.90528106689453,3.3747780323028564,saved_model/best_steps_37300.pt,True,2020-05-04_08-48-38
74.22586822509766,50,1,0,100,0.005,97.44990539550781,3.5523979663848877,saved_model/best_steps_37300.pt,True,2020-05-04_08-55-13
74.22586822509766,50,1,0,100,0.0001,99.72677612304688,3.730017900466919,saved_model/best_steps_37300.pt,True,2020-05-04_09-01-51
74.22586822509766,25,1,0,100,10.0,94.62659454345703,4.085257530212402,saved_model/best_steps_37300.pt,True,2020-05-04_09-08-23
74.22586822509766,25,1,0,100,5.0,93.7158432006836,99.4671401977539,saved_model/best_steps_37300.pt,True,2020-05-04_09-14-58
74.22586822509766,25,1,0,100,1.0,93.89799499511719,3.730017900466919,saved_model/best_steps_37300.pt,True,2020-05-04_09-21-30
74.22586822509766,25,1,0,100,0.1,92.34972381591797,5.861456394195557,saved_model/best_steps_37300.pt,True,2020-05-04_09-28-03
74.22586822509766,25,1,0,100,0.5,95.08197021484375,4.440497398376465,saved_model/best_steps_37300.pt,True,2020-05-04_09-34-37
74.22586822509766,25,1,0,100,0.01,92.44080352783203,5.328597068786621,saved_model/best_steps_37300.pt,True,2020-05-04_09-41-09
74.22586822509766,25,1,0,100,0.05,93.62477111816406,3.90763783454895,saved_model/best_steps_37300.pt,True,2020-05-04_09-47-46
74.22586822509766,25,1,0,100,0.001,98.45172882080078,3.90763783454895,saved_model/best_steps_37300.pt,True,2020-05-04_09-54-20
74.22586822509766,25,1,0,100,0.005,95.08197021484375,4.440497398376465,saved_model/best_steps_37300.pt,True,2020-05-04_10-00-54
74.22586822509766,25,1,0,100,0.0001,99.18032836914062,3.5523979663848877,saved_model/best_steps_37300.pt,True,2020-05-04_10-07-27
74.22586822509766,12,1,0,100,10.0,93.89799499511719,99.11190032958984,saved_model/best_steps_37300.pt,True,2020-05-04_10-13-57
74.22586822509766,12,1,0,100,5.0,93.35154724121094,99.28952026367188,saved_model/best_steps_37300.pt,True,2020-05-04_10-20-31
74.22586822509766,12,1,0,100,1.0,93.62477111816406,99.11190032958984,saved_model/best_steps_37300.pt,True,2020-05-04_10-27-03
74.22586822509766,12,1,0,100,0.1,94.17121887207031,4.440497398376465,saved_model/best_steps_37300.pt,True,2020-05-04_10-33-37
74.22586822509766,12,1,0,100,0.5,92.80509948730469,99.11190032958984,saved_model/best_steps_37300.pt,True,2020-05-04_10-40-07
74.22586822509766,12,1,0,100,0.01,95.71949005126953,4.085257530212402,saved_model/best_steps_37300.pt,True,2020-05-04_10-46-43
74.22586822509766,12,1,0,100,0.05,93.16939544677734,4.262877464294434,saved_model/best_steps_37300.pt,True,2020-05-04_10-53-15
74.22586822509766,12,1,0,100,0.001,96.63023376464844,4.085257530212402,saved_model/best_steps_37300.pt,True,2020-05-04_10-59-54
74.22586822509766,12,1,0,100,0.005,94.17121887207031,5.328597068786621,saved_model/best_steps_37300.pt,True,2020-05-04_11-06-23
74.22586822509766,12,1,0,100,0.0001,99.72677612304688,3.730017900466919,saved_model/best_steps_37300.pt,True,2020-05-04_11-12-57
74.22586822509766,6,1,0,100,10.0,93.44261932373047,99.28952026367188,saved_model/best_steps_37300.pt,True,2020-05-04_11-19-38
74.22586822509766,6,1,0,100,5.0,92.98725128173828,99.28952026367188,saved_model/best_steps_37300.pt,True,2020-05-04_11-26-13
74.22586822509766,6,1,0,100,1.0,92.80509948730469,99.28952026367188,saved_model/best_steps_37300.pt,True,2020-05-04_11-32-44
74.22586822509766,6,1,0,100,0.1,92.89617156982422,98.22380065917969,saved_model/best_steps_37300.pt,True,2020-05-04_11-39-20
74.22586822509766,6,1,0,100,0.5,92.1675796508789,99.11190032958984,saved_model/best_steps_37300.pt,True,2020-05-04_11-45-58
74.22586822509766,6,1,0,100,0.01,80.60108947753906,9.591474533081055,saved_model/best_steps_37300.pt,True,2020-05-04_11-52-31
74.22586822509766,6,1,0,100,0.05,90.4371566772461,6.749556064605713,saved_model/best_steps_37300.pt,True,2020-05-04_11-59-04
74.22586822509766,6,1,0,100,0.001,92.98725128173828,4.795737266540527,saved_model/best_steps_37300.pt,True,2020-05-04_12-05-39
74.22586822509766,6,1,0,100,0.005,88.61566162109375,6.216696262359619,saved_model/best_steps_37300.pt,True,2020-05-04_12-12-09
74.22586822509766,6,1,0,100,0.0001,98.9071044921875,3.730017900466919,saved_model/best_steps_37300.pt,True,2020-05-04_12-18-44
74.22586822509766,2,1,0,100,10.0,92.25865173339844,99.28952026367188,saved_model/best_steps_37300.pt,True,2020-05-04_12-25-18
74.22586822509766,2,1,0,100,5.0,93.2604751586914,99.28952026367188,saved_model/best_steps_37300.pt,True,2020-05-04_12-31-51
74.22586822509766,2,1,0,100,1.0,92.80509948730469,99.28952026367188,saved_model/best_steps_37300.pt,True,2020-05-04_12-38-23
74.22586822509766,2,1,0,100,0.1,92.1675796508789,98.75666046142578,saved_model/best_steps_37300.pt,True,2020-05-04_12-45-00
74.22586822509766,2,1,0,100,0.5,92.25865173339844,99.28952026367188,saved_model/best_steps_37300.pt,True,2020-05-04_12-51-34
74.22586822509766,2,1,0,100,0.01,72.49544525146484,13.499112129211426,saved_model/best_steps_37300.pt,True,2020-05-04_12-58-12
74.22586822509766,2,1,0,100,0.05,89.98178100585938,97.6909408569336,saved_model/best_steps_37300.pt,True,2020-05-04_13-04-45
74.22586822509766,2,1,0,100,0.001,82.96903228759766,7.460035800933838,saved_model/best_steps_37300.pt,True,2020-05-04_13-11-18
74.22586822509766,2,1,0,100,0.005,74.59016418457031,14.564831733703613,saved_model/best_steps_37300.pt,True,2020-05-04_13-17-54
74.22586822509766,2,1,0,100,0.0001,97.90528106689453,4.085257530212402,saved_model/best_steps_37300.pt,True,2020-05-04_13-24-27
74.22586822509766,1,1,0,100,10.0,92.71402740478516,99.28952026367188,saved_model/best_steps_37300.pt,True,2020-05-04_13-30-59
74.22586822509766,1,1,0,100,5.0,92.34972381591797,99.28952026367188,saved_model/best_steps_37300.pt,True,2020-05-04_13-37-31
74.22586822509766,1,1,0,100,1.0,93.07832336425781,99.28952026367188,saved_model/best_steps_37300.pt,True,2020-05-04_13-44-05
74.22586822509766,1,1,0,100,0.1,92.53187561035156,99.11190032958984,saved_model/best_steps_37300.pt,True,2020-05-04_13-50-40
74.22586822509766,1,1,0,100,0.5,92.53187561035156,99.28952026367188,saved_model/best_steps_37300.pt,True,2020-05-04_13-57-13
74.22586822509766,1,1,0,100,0.01,68.39708709716797,22.557727813720703,saved_model/best_steps_37300.pt,True,2020-05-04_14-03-48
74.22586822509766,1,1,0,100,0.05,88.70674133300781,97.86856079101562,saved_model/best_steps_37300.pt,True,2020-05-04_14-10-21
74.22586822509766,1,1,0,100,0.001,81.05646514892578,7.992895603179932,saved_model/best_steps_37300.pt,True,2020-05-04_14-16-56
74.22586822509766,1,1,0,100,0.005,67.48633575439453,28.06394386291504,saved_model/best_steps_37300.pt,True,2020-05-04_14-23-28
74.22586822509766,1,1,0,100,0.0001,97.72312927246094,4.085257530212402,saved_model/best_steps_37300.pt,True,2020-05-04_14-30-01
